LOCK 0;
LEVEL 1;
GRID ON;
WIN 0,0 0,0;
ADD T21 :F90 "1" -180,30;
ADD T23 :F90 "3" 120,30;
ADD R30 -220,-150 230,150;
ADD L21 :W10  -220,150 230,150 230,-150 -220,-150 -220,150;
ADD L21 :W10  -220,0 230,0;
ADD L21 :W10  -70,150 -70,-150;
ADD L22 :W10  -220,0 230,0;
ADD L22 :W10  -70,150 -70,-150;
ADD L29 :W10  -220,150 230,150 230,-150 -220,-150 -220,150;
ADD L22 :W10  -220,150 230,150 230,-150 -220,-150 -220,150;
ADD L23 :W10  -220,150 230,150 230,-150 -220,-150 -220,150;
ADD L23 :W10  -70,150 -70,-150;
ADD L23 :W10  -220,0 230,0;
ADD L29 :W10  -220,0 230,0;
ADD L29 :W10  -70,150 -70,-150;
ADD T25 :F90 "5" -30,-120;
ADD L29 :W10  80,150 80,-150;
ADD L22 :W10  80,150 80,-150;
ADD L23 :W10  80,150 80,-150;
ADD L21 :W10  80,150 80,-150;
ADD L24 :W10  80,150 80,-150;
ADD L25 :W10  80,150 80,-150;
ADD L24 :W10  -70,150 -70,-150;
ADD L25 :W10  -70,150 -70,-150;
ADD L24 :W10  -220,150 230,150 230,-150 -220,-150 -220,150;
ADD L25 :W10  -220,150 230,150 230,-150 -220,-150 -220,150;
ADD L24 :W10  -220,0 230,0;
ADD L25 :W10  -220,0 230,0;
ADD T24 :MY :F90 "4" -115,-120;
ADD T29 :MY :F90 "6" 190,-120;
ADD T22 :MY :F90 "2" 40,30;
